4294967278,25
4294967278,21
4294967278,18
4294967278,16
4294967278,15
4294967278,14
4294967278,13
4294967278,11
4294967278,10
4294967278,8
4294967278,4
4294967279,132
4294967279,130
4294967279,129
4294967279,128
4294967279,127
4294967279,126
4294967279,125
4294967279,124
4294967279,123
4294967279,122
4294967279,121
4294967279,120
4294967279,119
4294967279,118
4294967279,117
4294967279,116
4294967279,115
4294967279,114
4294967279,113
4294967279,112
4294967279,111
4294967279,110
4294967279,109
4294967279,108
4294967279,107
4294967279,106
4294967279,105
4294967278,344
19,4
4294967278,148
4294967278,343
4294967294,1358
4294967294,489
4294967278,145
4294967278,342
4294967279,417
4294967278,144
4294967278,143
40,4
40,3
40,2
40,1
4294967279,416
4294967278,142
4294967278,141
4294967278,138
4294967278,341
4294967278,340
4294967279,415
4294967278,276
4294967279,137
4294967278,339
4294967278,24
4294967278,22
4294967294,488
4294967278,134
4294967278,23
4294967278,275
4294967279,133
4294967279,414
4294967278,12
4294967294,185
4294967294,1014
4294967294,194
4294967294,176
4294967294,162
4294967294,1019
4294967278,20
4294967278,284
4294967278,19
4294967278,273
4294967279,413
4294967278,270
4294967294,487
4294967278,269
4294967278,17
4294967278,268
4294967279,271
4294967279,270
4294967278,266
4294967278,280
39,4
4294967278,265
39,3
39,2
39,1
4294967279,287
4294967279,267
4294967278,264
4294967294,9
4294967279,264
4294967279,412
4294967279,411
4294967279,410
4294967278,9
4294967278,262
4294967278,261
4294967279,263
4294967278,7
4294967278,5
4294967294,486
4294967278,257
4294967278,6
4294967279,261
4294967279,257
4294967294,485
4294967279,131
4294967278,122
4294967278,119
4294967278,112
4294967278,107
4294967278,105
4294967278,102
4294967278,101
4294967278,99
4294967278,98
4294967278,97
4294967278,96
4294967278,95
4294967278,94
4294967278,90
4294967278,87
4294967278,86
4294967278,85
4294967278,83
4294967278,82
4294967278,80
4294967278,79
4294967278,77
4294967278,74
4294967278,72
4294967278,71
4294967278,69
4294967278,68
4294967278,67
4294967278,66
4294967278,65
4294967278,64
4294967278,63
4294967278,61
4294967278,58
4294967278,56
4294967278,55
4294967278,54
4294967278,53
4294967278,48
4294967278,46
4294967278,45
4294967278,44
4294967278,43
4294967278,42
4294967278,39
4294967278,37
4294967278,36
4294967278,35
4294967278,34
4294967278,33
4294967278,32
4294967278,31
4294967278,30
4294967278,29
4294967278,28
4294967278,27
4294967278,26
4294967279,138
4294967279,24
4294967279,276
4294967279,23
4294967279,22
4294967279,21
4294967279,19
4294967279,18
4294967279,289
4294967279,17
4294967279,16
4294967279,15
4294967279,288
4294967279,14
4294967279,268
4294967279,13
4294967279,12
4294967279,11
4294967279,10
4294967279,9
4294967279,6
4294967279,4
4294967278,338
4294967278,129
4294967279,409
4294967294,441
4294967294,390
4294967294,426
4294967294,484
4294967279,408
4294967279,407
4294967294,11
4294967278,337
4294967278,126
4294967294,22
4294967294,41
4294967294,483
4294967294,409
4294967294,156
4294967294,396
4294967294,29
4294967294,158
4294967294,419
4294967294,413
4294967294,179
4294967294,407
4294967294,155
4294967294,183
4294967294,403
4294967294,1018
4294967294,167
4294967294,415
4294967294,384
4294967294,420
4294967294,468
4294967294,180
4294967294,112
4294967294,160
4294967294,191
4294967294,44
4294967294,43
4294967278,336
4294967278,123
4294967278,335
4294967278,124
4294967279,406
4294967294,393
4294967294,482
4294967294,51
4294967279,405
4294967278,120
4294967278,249
4294967294,53
4294967278,118
4294967278,245
4294967278,116
4294967294,481
4294967278,241
4294967294,203
4294967294,82
4294967294,88
4294967294,86
4294967294,85
4294967294,83
4294967278,115
4294967278,239
4294967294,5
4294967294,99
4294967294,120
4294967294,114
4294967294,480
4294967294,91
4294967294,92
4294967278,334
4294967278,113
4294967278,333
4294967278,114
4294967278,234
4294967278,109
4294967294,107
4294967278,232
38,4
4294967278,230
38,3
38,2
38,1
4294967278,229
4294967278,228
4294967278,106
4294967278,226
4294967278,223
4294967294,479
4294967278,103
36,4
36,3
36,2
36,1
4294967278,217
4294967278,216
35,4
4294967278,213
35,3
35,2
35,1
4294967278,212
34,4
34,3
34,2
34,1
4294967279,404
4294967278,209
4294967278,208
4294967278,207
33,4
4294967278,206
33,3
33,2
33,1
4294967278,332
4294967278,93
4294967294,394
4294967294,24
4294967278,205
4294967294,12
4294967279,403
4294967278,92
4294967278,331
4294967278,0
4294967278,91
4294967279,402
4294967278,330
4294967278,89
4294967278,84
4294967294,1016
4294967294,192
4294967278,199
32,4
4294967278,198
32,3
32,2
32,1
4294967278,197
4294967278,81
4294967278,196
31,4
4294967278,195
31,3
31,2
31,1
4294967278,194
4294967278,193
30,4
4294967278,192
30,3
30,2
30,1
4294967278,329
4294967278,78
4294967294,478
4294967278,191
4294967294,68
4294967279,401
4294967279,260
4294967278,328
4294967278,76
4294967279,400
4294967278,327
4294967278,326
4294967278,325
4294967278,75
4294967279,399
4294967278,187
4294967294,1366
4294967294,1365
4294967278,186
4294967278,324
4294967278,73
4294967278,185
4294967279,398
4294967294,1364
